Numero de nodos del grafo: 20
Numero de aristas del grafo: 25
Vértice Origen: 3
Vértice Destino: 10
===================================
Iteración 1
Nodos generados: 3
Nodos visitados: 
===================================
Iteración 2
Nodos generados: 3, 2, 5, 6
Nodos visitados: 3

===================================
Iteración 3
Nodos generados: 3, 2, 5, 6, 1, 4, 20
Nodos visitados: 3, 2

===================================
Iteración 4
Nodos generados: 3, 2, 5, 6, 1, 4, 20, 5
Nodos visitados: 3, 2, 1

===================================
Iteración 5
Nodos generados: 3, 2, 5, 6, 1, 4, 20, 5, 6, 10, 11
Nodos visitados: 3, 2, 1, 5

===================================
Iteración 6
Nodos generados: 3, 2, 5, 6, 1, 4, 20, 5, 6, 10, 11, 9
Nodos visitados: 3, 2, 1, 5, 6

===================================
Iteración 7
Nodos generados: 3, 2, 5, 6, 1, 4, 20, 5, 6, 10, 11, 9, 13, 14
Nodos visitados: 3, 2, 1, 5, 6, 9

===================================
Iteración 8
Nodos generados: 3, 2, 5, 6, 1, 4, 20, 5, 6, 10, 11, 9, 13, 14, 14
Nodos visitados: 3, 2, 1, 5, 6, 9, 13

===================================
Iteración 9
Nodos generados: 3, 2, 5, 6, 1, 4, 20, 5, 6, 10, 11, 9, 13, 14, 14, 15
Nodos visitados: 3, 2, 1, 5, 6, 9, 13, 14

===================================
Iteración 10
Nodos generados: 3, 2, 5, 6, 1, 4, 20, 5, 6, 10, 11, 9, 13, 14, 14, 15, 7, 16
Nodos visitados: 3, 2, 1, 5, 6, 9, 13, 14, 15

===================================
Iteración 11
Nodos generados: 3, 2, 5, 6, 1, 4, 20, 5, 6, 10, 11, 9, 13, 14, 14, 15, 7, 16, 8
Nodos visitados: 3, 2, 1, 5, 6, 9, 13, 14, 15, 7

===================================
Iteración 12
Nodos generados: 3, 2, 5, 6, 1, 4, 20, 5, 6, 10, 11, 9, 13, 14, 14, 15, 7, 16, 8, 4, 16
Nodos visitados: 3, 2, 1, 5, 6, 9, 13, 14, 15, 7, 8

===================================
Iteración 13
Nodos generados: 3, 2, 5, 6, 1, 4, 20, 5, 6, 10, 11, 9, 13, 14, 14, 15, 7, 16, 8, 4, 16, 17, 18
Nodos visitados: 3, 2, 1, 5, 6, 9, 13, 14, 15, 7, 8, 4

===================================
Iteración 14
Nodos generados: 3, 2, 5, 6, 1, 4, 20, 5, 6, 10, 11, 9, 13, 14, 14, 15, 7, 16, 8, 4, 16, 17, 18, 18
Nodos visitados: 3, 2, 1, 5, 6, 9, 13, 14, 15, 7, 8, 4, 17

===================================
Iteración 15
Nodos generados: 3, 2, 5, 6, 1, 4, 20, 5, 6, 10, 11, 9, 13, 14, 14, 15, 7, 16, 8, 4, 16, 17, 18, 18
Nodos visitados: 3, 2, 1, 5, 6, 9, 13, 14, 15, 7, 8, 4, 17, 18

===================================
Iteración 16
Nodos generados: 3, 2, 5, 6, 1, 4, 20, 5, 6, 10, 11, 9, 13, 14, 14, 15, 7, 16, 8, 4, 16, 17, 18, 18, 17
Nodos visitados: 3, 2, 1, 5, 6, 9, 13, 14, 15, 7, 8, 4, 17, 18, 18

===================================
Iteración 17
Nodos generados: 3, 2, 5, 6, 1, 4, 20, 5, 6, 10, 11, 9, 13, 14, 14, 15, 7, 16, 8, 4, 16, 17, 18, 18, 17
Nodos visitados: 3, 2, 1, 5, 6, 9, 13, 14, 15, 7, 8, 4, 17, 18, 18, 17

===================================
Iteración 18
Nodos generados: 3, 2, 5, 6, 1, 4, 20, 5, 6, 10, 11, 9, 13, 14, 14, 15, 7, 16, 8, 4, 16, 17, 18, 18, 17
Nodos visitados: 3, 2, 1, 5, 6, 9, 13, 14, 15, 7, 8, 4, 17, 18, 18, 17, 16

===================================
Iteración 19
Nodos generados: 3, 2, 5, 6, 1, 4, 20, 5, 6, 10, 11, 9, 13, 14, 14, 15, 7, 16, 8, 4, 16, 17, 18, 18, 17, 8
Nodos visitados: 3, 2, 1, 5, 6, 9, 13, 14, 15, 7, 8, 4, 17, 18, 18, 17, 16, 16

===================================
Iteración 20
Nodos generados: 3, 2, 5, 6, 1, 4, 20, 5, 6, 10, 11, 9, 13, 14, 14, 15, 7, 16, 8, 4, 16, 17, 18, 18, 17, 8, 4, 7
Nodos visitados: 3, 2, 1, 5, 6, 9, 13, 14, 15, 7, 8, 4, 17, 18, 18, 17, 16, 16, 8

===================================
Iteración 21
Nodos generados: 3, 2, 5, 6, 1, 4, 20, 5, 6, 10, 11, 9, 13, 14, 14, 15, 7, 16, 8, 4, 16, 17, 18, 18, 17, 8, 4, 7, 17, 18
Nodos visitados: 3, 2, 1, 5, 6, 9, 13, 14, 15, 7, 8, 4, 17, 18, 18, 17, 16, 16, 8, 4

===================================
Iteración 22
Nodos generados: 3, 2, 5, 6, 1, 4, 20, 5, 6, 10, 11, 9, 13, 14, 14, 15, 7, 16, 8, 4, 16, 17, 18, 18, 17, 8, 4, 7, 17, 18, 18
Nodos visitados: 3, 2, 1, 5, 6, 9, 13, 14, 15, 7, 8, 4, 17, 18, 18, 17, 16, 16, 8, 4, 17

===================================
Iteración 23
Nodos generados: 3, 2, 5, 6, 1, 4, 20, 5, 6, 10, 11, 9, 13, 14, 14, 15, 7, 16, 8, 4, 16, 17, 18, 18, 17, 8, 4, 7, 17, 18, 18
Nodos visitados: 3, 2, 1, 5, 6, 9, 13, 14, 15, 7, 8, 4, 17, 18, 18, 17, 16, 16, 8, 4, 17, 18

===================================
Iteración 24
Nodos generados: 3, 2, 5, 6, 1, 4, 20, 5, 6, 10, 11, 9, 13, 14, 14, 15, 7, 16, 8, 4, 16, 17, 18, 18, 17, 8, 4, 7, 17, 18, 18, 17
Nodos visitados: 3, 2, 1, 5, 6, 9, 13, 14, 15, 7, 8, 4, 17, 18, 18, 17, 16, 16, 8, 4, 17, 18, 18

===================================
Iteración 25
Nodos generados: 3, 2, 5, 6, 1, 4, 20, 5, 6, 10, 11, 9, 13, 14, 14, 15, 7, 16, 8, 4, 16, 17, 18, 18, 17, 8, 4, 7, 17, 18, 18, 17
Nodos visitados: 3, 2, 1, 5, 6, 9, 13, 14, 15, 7, 8, 4, 17, 18, 18, 17, 16, 16, 8, 4, 17, 18, 18, 17

===================================
Iteración 26
Nodos generados: 3, 2, 5, 6, 1, 4, 20, 5, 6, 10, 11, 9, 13, 14, 14, 15, 7, 16, 8, 4, 16, 17, 18, 18, 17, 8, 4, 7, 17, 18, 18, 17
Nodos visitados: 3, 2, 1, 5, 6, 9, 13, 14, 15, 7, 8, 4, 17, 18, 18, 17, 16, 16, 8, 4, 17, 18, 18, 17, 7

===================================
Iteración 27
Nodos generados: 3, 2, 5, 6, 1, 4, 20, 5, 6, 10, 11, 9, 13, 14, 14, 15, 7, 16, 8, 4, 16, 17, 18, 18, 17, 8, 4, 7, 17, 18, 18, 17, 13, 15
Nodos visitados: 3, 2, 1, 5, 6, 9, 13, 14, 15, 7, 8, 4, 17, 18, 18, 17, 16, 16, 8, 4, 17, 18, 18, 17, 7, 14

===================================
Iteración 28
Nodos generados: 3, 2, 5, 6, 1, 4, 20, 5, 6, 10, 11, 9, 13, 14, 14, 15, 7, 16, 8, 4, 16, 17, 18, 18, 17, 8, 4, 7, 17, 18, 18, 17, 13, 15
Nodos visitados: 3, 2, 1, 5, 6, 9, 13, 14, 15, 7, 8, 4, 17, 18, 18, 17, 16, 16, 8, 4, 17, 18, 18, 17, 7, 14, 13

===================================
Iteración 29
Nodos generados: 3, 2, 5, 6, 1, 4, 20, 5, 6, 10, 11, 9, 13, 14, 14, 15, 7, 16, 8, 4, 16, 17, 18, 18, 17, 8, 4, 7, 17, 18, 18, 17, 13, 15, 7, 16
Nodos visitados: 3, 2, 1, 5, 6, 9, 13, 14, 15, 7, 8, 4, 17, 18, 18, 17, 16, 16, 8, 4, 17, 18, 18, 17, 7, 14, 13, 15

===================================
Iteración 30
Nodos generados: 3, 2, 5, 6, 1, 4, 20, 5, 6, 10, 11, 9, 13, 14, 14, 15, 7, 16, 8, 4, 16, 17, 18, 18, 17, 8, 4, 7, 17, 18, 18, 17, 13, 15, 7, 16, 8
Nodos visitados: 3, 2, 1, 5, 6, 9, 13, 14, 15, 7, 8, 4, 17, 18, 18, 17, 16, 16, 8, 4, 17, 18, 18, 17, 7, 14, 13, 15, 7

===================================
Iteración 31
Nodos generados: 3, 2, 5, 6, 1, 4, 20, 5, 6, 10, 11, 9, 13, 14, 14, 15, 7, 16, 8, 4, 16, 17, 18, 18, 17, 8, 4, 7, 17, 18, 18, 17, 13, 15, 7, 16, 8, 4, 16
Nodos visitados: 3, 2, 1, 5, 6, 9, 13, 14, 15, 7, 8, 4, 17, 18, 18, 17, 16, 16, 8, 4, 17, 18, 18, 17, 7, 14, 13, 15, 7, 8

===================================
Iteración 32
Nodos generados: 3, 2, 5, 6, 1, 4, 20, 5, 6, 10, 11, 9, 13, 14, 14, 15, 7, 16, 8, 4, 16, 17, 18, 18, 17, 8, 4, 7, 17, 18, 18, 17, 13, 15, 7, 16, 8, 4, 16, 17, 18
Nodos visitados: 3, 2, 1, 5, 6, 9, 13, 14, 15, 7, 8, 4, 17, 18, 18, 17, 16, 16, 8, 4, 17, 18, 18, 17, 7, 14, 13, 15, 7, 8, 4

===================================
Iteración 33
Nodos generados: 3, 2, 5, 6, 1, 4, 20, 5, 6, 10, 11, 9, 13, 14, 14, 15, 7, 16, 8, 4, 16, 17, 18, 18, 17, 8, 4, 7, 17, 18, 18, 17, 13, 15, 7, 16, 8, 4, 16, 17, 18, 18
Nodos visitados: 3, 2, 1, 5, 6, 9, 13, 14, 15, 7, 8, 4, 17, 18, 18, 17, 16, 16, 8, 4, 17, 18, 18, 17, 7, 14, 13, 15, 7, 8, 4, 17

===================================
Iteración 34
Nodos generados: 3, 2, 5, 6, 1, 4, 20, 5, 6, 10, 11, 9, 13, 14, 14, 15, 7, 16, 8, 4, 16, 17, 18, 18, 17, 8, 4, 7, 17, 18, 18, 17, 13, 15, 7, 16, 8, 4, 16, 17, 18, 18
Nodos visitados: 3, 2, 1, 5, 6, 9, 13, 14, 15, 7, 8, 4, 17, 18, 18, 17, 16, 16, 8, 4, 17, 18, 18, 17, 7, 14, 13, 15, 7, 8, 4, 17, 18

===================================
Iteración 35
Nodos generados: 3, 2, 5, 6, 1, 4, 20, 5, 6, 10, 11, 9, 13, 14, 14, 15, 7, 16, 8, 4, 16, 17, 18, 18, 17, 8, 4, 7, 17, 18, 18, 17, 13, 15, 7, 16, 8, 4, 16, 17, 18, 18, 17
Nodos visitados: 3, 2, 1, 5, 6, 9, 13, 14, 15, 7, 8, 4, 17, 18, 18, 17, 16, 16, 8, 4, 17, 18, 18, 17, 7, 14, 13, 15, 7, 8, 4, 17, 18, 18

===================================
Iteración 36
Nodos generados: 3, 2, 5, 6, 1, 4, 20, 5, 6, 10, 11, 9, 13, 14, 14, 15, 7, 16, 8, 4, 16, 17, 18, 18, 17, 8, 4, 7, 17, 18, 18, 17, 13, 15, 7, 16, 8, 4, 16, 17, 18, 18, 17
Nodos visitados: 3, 2, 1, 5, 6, 9, 13, 14, 15, 7, 8, 4, 17, 18, 18, 17, 16, 16, 8, 4, 17, 18, 18, 17, 7, 14, 13, 15, 7, 8, 4, 17, 18, 18, 17

===================================
Iteración 37
Nodos generados: 3, 2, 5, 6, 1, 4, 20, 5, 6, 10, 11, 9, 13, 14, 14, 15, 7, 16, 8, 4, 16, 17, 18, 18, 17, 8, 4, 7, 17, 18, 18, 17, 13, 15, 7, 16, 8, 4, 16, 17, 18, 18, 17
Nodos visitados: 3, 2, 1, 5, 6, 9, 13, 14, 15, 7, 8, 4, 17, 18, 18, 17, 16, 16, 8, 4, 17, 18, 18, 17, 7, 14, 13, 15, 7, 8, 4, 17, 18, 18, 17, 16

===================================
Iteración 38
Nodos generados: 3, 2, 5, 6, 1, 4, 20, 5, 6, 10, 11, 9, 13, 14, 14, 15, 7, 16, 8, 4, 16, 17, 18, 18, 17, 8, 4, 7, 17, 18, 18, 17, 13, 15, 7, 16, 8, 4, 16, 17, 18, 18, 17, 8
Nodos visitados: 3, 2, 1, 5, 6, 9, 13, 14, 15, 7, 8, 4, 17, 18, 18, 17, 16, 16, 8, 4, 17, 18, 18, 17, 7, 14, 13, 15, 7, 8, 4, 17, 18, 18, 17, 16, 16

===================================
Iteración 39
Nodos generados: 3, 2, 5, 6, 1, 4, 20, 5, 6, 10, 11, 9, 13, 14, 14, 15, 7, 16, 8, 4, 16, 17, 18, 18, 17, 8, 4, 7, 17, 18, 18, 17, 13, 15, 7, 16, 8, 4, 16, 17, 18, 18, 17, 8, 4, 7
Nodos visitados: 3, 2, 1, 5, 6, 9, 13, 14, 15, 7, 8, 4, 17, 18, 18, 17, 16, 16, 8, 4, 17, 18, 18, 17, 7, 14, 13, 15, 7, 8, 4, 17, 18, 18, 17, 16, 16, 8

===================================
Iteración 40
Nodos generados: 3, 2, 5, 6, 1, 4, 20, 5, 6, 10, 11, 9, 13, 14, 14, 15, 7, 16, 8, 4, 16, 17, 18, 18, 17, 8, 4, 7, 17, 18, 18, 17, 13, 15, 7, 16, 8, 4, 16, 17, 18, 18, 17, 8, 4, 7, 17, 18
Nodos visitados: 3, 2, 1, 5, 6, 9, 13, 14, 15, 7, 8, 4, 17, 18, 18, 17, 16, 16, 8, 4, 17, 18, 18, 17, 7, 14, 13, 15, 7, 8, 4, 17, 18, 18, 17, 16, 16, 8, 4

===================================
Iteración 41
Nodos generados: 3, 2, 5, 6, 1, 4, 20, 5, 6, 10, 11, 9, 13, 14, 14, 15, 7, 16, 8, 4, 16, 17, 18, 18, 17, 8, 4, 7, 17, 18, 18, 17, 13, 15, 7, 16, 8, 4, 16, 17, 18, 18, 17, 8, 4, 7, 17, 18, 18
Nodos visitados: 3, 2, 1, 5, 6, 9, 13, 14, 15, 7, 8, 4, 17, 18, 18, 17, 16, 16, 8, 4, 17, 18, 18, 17, 7, 14, 13, 15, 7, 8, 4, 17, 18, 18, 17, 16, 16, 8, 4, 17

===================================
Iteración 42
Nodos generados: 3, 2, 5, 6, 1, 4, 20, 5, 6, 10, 11, 9, 13, 14, 14, 15, 7, 16, 8, 4, 16, 17, 18, 18, 17, 8, 4, 7, 17, 18, 18, 17, 13, 15, 7, 16, 8, 4, 16, 17, 18, 18, 17, 8, 4, 7, 17, 18, 18
Nodos visitados: 3, 2, 1, 5, 6, 9, 13, 14, 15, 7, 8, 4, 17, 18, 18, 17, 16, 16, 8, 4, 17, 18, 18, 17, 7, 14, 13, 15, 7, 8, 4, 17, 18, 18, 17, 16, 16, 8, 4, 17, 18

===================================
Iteración 43
Nodos generados: 3, 2, 5, 6, 1, 4, 20, 5, 6, 10, 11, 9, 13, 14, 14, 15, 7, 16, 8, 4, 16, 17, 18, 18, 17, 8, 4, 7, 17, 18, 18, 17, 13, 15, 7, 16, 8, 4, 16, 17, 18, 18, 17, 8, 4, 7, 17, 18, 18, 17
Nodos visitados: 3, 2, 1, 5, 6, 9, 13, 14, 15, 7, 8, 4, 17, 18, 18, 17, 16, 16, 8, 4, 17, 18, 18, 17, 7, 14, 13, 15, 7, 8, 4, 17, 18, 18, 17, 16, 16, 8, 4, 17, 18, 18

===================================
Iteración 44
Nodos generados: 3, 2, 5, 6, 1, 4, 20, 5, 6, 10, 11, 9, 13, 14, 14, 15, 7, 16, 8, 4, 16, 17, 18, 18, 17, 8, 4, 7, 17, 18, 18, 17, 13, 15, 7, 16, 8, 4, 16, 17, 18, 18, 17, 8, 4, 7, 17, 18, 18, 17
Nodos visitados: 3, 2, 1, 5, 6, 9, 13, 14, 15, 7, 8, 4, 17, 18, 18, 17, 16, 16, 8, 4, 17, 18, 18, 17, 7, 14, 13, 15, 7, 8, 4, 17, 18, 18, 17, 16, 16, 8, 4, 17, 18, 18, 17

===================================
Iteración 45
Nodos generados: 3, 2, 5, 6, 1, 4, 20, 5, 6, 10, 11, 9, 13, 14, 14, 15, 7, 16, 8, 4, 16, 17, 18, 18, 17, 8, 4, 7, 17, 18, 18, 17, 13, 15, 7, 16, 8, 4, 16, 17, 18, 18, 17, 8, 4, 7, 17, 18, 18, 17
Nodos visitados: 3, 2, 1, 5, 6, 9, 13, 14, 15, 7, 8, 4, 17, 18, 18, 17, 16, 16, 8, 4, 17, 18, 18, 17, 7, 14, 13, 15, 7, 8, 4, 17, 18, 18, 17, 16, 16, 8, 4, 17, 18, 18, 17, 7

===================================
Iteración 46
Nodos generados: 3, 2, 5, 6, 1, 4, 20, 5, 6, 10, 11, 9, 13, 14, 14, 15, 7, 16, 8, 4, 16, 17, 18, 18, 17, 8, 4, 7, 17, 18, 18, 17, 13, 15, 7, 16, 8, 4, 16, 17, 18, 18, 17, 8, 4, 7, 17, 18, 18, 17
Nodos visitados: 3, 2, 1, 5, 6, 9, 13, 14, 15, 7, 8, 4, 17, 18, 18, 17, 16, 16, 8, 4, 17, 18, 18, 17, 7, 14, 13, 15, 7, 8, 4, 17, 18, 18, 17, 16, 16, 8, 4, 17, 18, 18, 17, 7, 10

===================================
Camino: 3 - 2 - 1 - 5 - 10
===================================
Coste: 31
===================================
